salvacion
44 43 42    45 46 47 
48 49 50    37 52 53 

montana
169 170 171
168 7 163 172 
173 162 
164 160 161 167
117 165 166 

bosque
41 38 17 24
36 40
35 39 
33 26
32 27
31 30 29 28

arena xd kappa
34
79 85 
80 86 
81 78 16 23 84 88
82 89 
83 25
87

aguita pa mi gente
60 55 56 57 58 59 51
70 62 63 64 65 66 67 68 69 54
71 72 73 74 75 76 77 90 91 92 93
94 95 96 97 98
99 100 101 61
108 103
112 110 111 107 
113 114 115 116
135 118 119 120 109 
136 138 139 140 141 142 143 144 145 146 147
148 149 150 151 152 153 154 155 156 157 
60 55 56 57 58 59 51